# This file may be used to create an environment using:
# $ conda create --name <env> --file <this file>
# platform: win-64
blas=2.116=mkl
blas-devel=3.9.0=16_win64_mkl
bzip2=1.0.8=h8ffe710_4
ca-certificates=2022.12.7=h5b45459_0
certifi=2022.12.7=pypi_0
charset-normalizer=3.0.1=pypi_0
colorama=0.4.6=pypi_0
contourpy=1.0.7=pypi_0
cudatoolkit=11.0.3=hd336c7a_11
cycler=0.11.0=pypi_0
cython=3.0a1=pypi_0
dataclasses=0.6=pypi_0
fonttools=4.38.0=pypi_0
freetype=2.12.1=h546665d_1
future=0.18.3=pypi_0
gputil=1.4.0=pypi_0
idna=3.4=pypi_0
imageio=2.25.0=pypi_0
intel-openmp=2023.0.0=h57928b3_25922
joblib=1.2.0=pypi_0
jpeg=9e=h8ffe710_2
kaleido=0.2.1=pypi_0
kiwisolver=1.4.4=pypi_0
lcms2=2.14=ha5c8aab_1
lerc=4.0.0=h63175ca_0
libblas=3.9.0=16_win64_mkl
libcblas=3.9.0=16_win64_mkl
libdeflate=1.17=hcfcfb64_0
libffi=3.4.2=h8ffe710_5
libhwloc=2.8.0=h039e092_1
libiconv=1.17=h8ffe710_0
liblapack=3.9.0=16_win64_mkl
liblapacke=3.9.0=16_win64_mkl
libpng=1.6.39=h19919ed_0
libsqlite=3.40.0=hcfcfb64_0
libtiff=4.5.0=hf8721a0_2
libuv=1.44.2=h8ffe710_0
libwebp-base=1.2.4=h8ffe710_0
libxcb=1.13=hcd874cb_1004
libxml2=2.10.3=hc3477c8_0
libzlib=1.2.13=hcfcfb64_4
lmdb=1.4.0=pypi_0
m2w64-gcc-libgfortran=5.3.0=6
m2w64-gcc-libs=5.3.0=7
m2w64-gcc-libs-core=5.3.0=7
m2w64-gmp=6.1.0=2
m2w64-libwinpthread-git=5.0.0.4634.697f757=2
matplotlib=3.6.3=pypi_0
mkl=2022.1.0=h6a75c08_874
mkl-devel=2022.1.0=h57928b3_875
mkl-include=2022.1.0=h6a75c08_874
msys2-conda-epoch=20160418=1
networkx=3.0=pypi_0
ninja=1.11.0=h2d74725_0
numpy=1.19.2=pypi_0
openjpeg=2.5.0=ha2aaf27_2
openssl=3.0.7=hcfcfb64_2
packaging=23.0=pypi_0
pandas=1.4.4=pypi_0
pillow=9.4.0=py38h087119c_1
pip=23.0=pyhd8ed1ab_0
plotly=5.13.0=pypi_0
protobuf=4.21.12=pypi_0
pthread-stubs=0.4=hcd874cb_1001
pthreads-win32=2.9.1=hfa6e2cd_3
pyparsing=3.0.9=pypi_0
python=3.8.16=h4de0772_1_cpython
python-dateutil=2.8.2=pypi_0
python_abi=3.8=3_cp38
pytz=2022.7.1=pypi_0
pywavelets=1.4.1=pypi_0
requests=2.28.2=pypi_0
scikit-image=0.19.3=pypi_0
scikit-learn=1.2.1=pypi_0
scipy=1.9.3=pypi_0
setuptools=67.1.0=pyhd8ed1ab_0
six=1.16.0=pypi_0
tbb=2021.7.0=h91493d7_1
tenacity=8.2.0=pypi_0
threadpoolctl=3.1.0=pypi_0
tifffile=2023.2.3=pypi_0
tk=8.6.12=h8ffe710_0
torch=1.13.1=pypi_0
torchaudio=0.7.0=py38
torchvision=0.14.1=pypi_0
tqdm=4.64.1=pypi_0
typing_extensions=4.4.0=pyha770c72_0
ucrt=10.0.22621.0=h57928b3_0
urllib3=1.26.14=pypi_0
vc=14.3=hb6edc58_10
vs2015_runtime=14.34.31931=h4c5c07a_10
wheel=0.38.4=pyhd8ed1ab_0
xorg-libxau=1.0.9=hcd874cb_0
xorg-libxdmcp=1.1.3=hcd874cb_0
xz=5.2.6=h8d14728_0
zstd=1.5.2=h12be248_6

numpy~=1.19.2
scipy~=1.9.3
scikit-image~=0.19.3
lmdb~=1.4.0
torch~=1.13.1
torchvision~=0.14.1
pillow~=9.4.0
pandas~=1.4.4
gputil~=1.4.0
scikit-learn~=1.2.1
tqdm~=4.64.1
tifffile~=2023.2.3
matplotlib~=3.6.3
plotly~=5.13.0